{
 "cells": [
  {
   "cell_type": "code",
   "execution_count": 1,
   "metadata": {},
   "outputs": [],
   "source": [
    "from Bio import SeqIO\n",
    "\n",
    "def pdst(collection):\n",
    "    for s1 in collection:\n",
    "        for s2 in collection:\n",
    "            c = 0\n",
    "            for i in range(len(s1)):\n",
    "                if s1[i] != s2[i]:\n",
    "                    c += 1\n",
    "            print(c/len(s1), end = ' ')\n",
    "        print('\\n', end = '')"
   ]
  },
  {
   "cell_type": "code",
   "execution_count": 3,
   "metadata": {},
   "outputs": [
    {
     "name": "stdout",
     "output_type": "stream",
     "text": [
      "0.0 0.4547390841320554 0.6528221512247071 0.4547390841320554 0.625133120340788 0.6261980830670927 0.5548455804046858 0.6517571884984026 0.3077742279020234 \n",
      "0.4547390841320554 0.0 0.6464323748668797 0.4845580404685836 0.610223642172524 0.5985090521831736 0.5623003194888179 0.6336528221512248 0.31309904153354634 \n",
      "0.6528221512247071 0.6464323748668797 0.0 0.5889243876464324 0.5953141640042598 0.308839190628328 0.4685835995740149 0.4898828541001065 0.617678381256656 \n",
      "0.4547390841320554 0.4845580404685836 0.5889243876464324 0.0 0.46112886048988283 0.47177848775292863 0.31203407880724177 0.577209797657082 0.31735889243876464 \n",
      "0.625133120340788 0.610223642172524 0.5953141640042598 0.46112886048988283 0.0 0.4994675186368477 0.32374866879659214 0.6017039403620873 0.5559105431309904 \n",
      "0.6261980830670927 0.5985090521831736 0.308839190628328 0.47177848775292863 0.4994675186368477 0.0 0.30564430244941426 0.3184238551650692 0.5505857294994675 \n",
      "0.5548455804046858 0.5623003194888179 0.4685835995740149 0.31203407880724177 0.32374866879659214 0.30564430244941426 0.0 0.49307774227902024 0.4792332268370607 \n",
      "0.6517571884984026 0.6336528221512248 0.4898828541001065 0.577209797657082 0.6017039403620873 0.3184238551650692 0.49307774227902024 0.0 0.6059637912673056 \n",
      "0.3077742279020234 0.31309904153354634 0.617678381256656 0.31735889243876464 0.5559105431309904 0.5505857294994675 0.4792332268370607 0.6059637912673056 0.0 \n"
     ]
    }
   ],
   "source": [
    "collection = []\n",
    "for record in SeqIO.parse(\"C://Users//Nasser//Downloads//rosalind_PDST.txt\", 'fasta'):\n",
    "    collection.append(record.seq)\n",
    "pdst(collection)"
   ]
  },
  {
   "cell_type": "code",
   "execution_count": null,
   "metadata": {},
   "outputs": [],
   "source": []
  }
 ],
 "metadata": {
  "kernelspec": {
   "display_name": "Python 3",
   "language": "python",
   "name": "python3"
  },
  "language_info": {
   "codemirror_mode": {
    "name": "ipython",
    "version": 3
   },
   "file_extension": ".py",
   "mimetype": "text/x-python",
   "name": "python",
   "nbconvert_exporter": "python",
   "pygments_lexer": "ipython3",
   "version": "3.8.3"
  }
 },
 "nbformat": 4,
 "nbformat_minor": 4
}
